163
2
1 1
5
1 0 2 0 2
3
1 1 1
3
3 0 0
3
2 2 0
4 
0 2 0 0
5
0 0 0 2 3
3
1 1 2
1
0
1
1
1
0
9
5 4 0 0 0 0 0 0 0
3
1 1 1
9
1 0 0 0 1 0 0 0 7 
36
1 0 2 0 1 2 1 2 4 2 5 5 2 1 1 4 3 0 0 0 0 0 0 0 0 0 0 0 0 0 0 0 0 0 0 0 
45
2 0 1 0 2 0 1 1 1 1 2 7 3 0 7 3 5 6 2 1 0 0 0 0 0 0 0 0 0 0 0 0 0 0 0 0 0 0 0 0 0 0 0 0 0 
35
3 5 0 2 5 4 4 4 1 4 3 0 0 0 0 0 0 0 0 0 0 0 0 0 0 0 0 0 0 0 0 0 0 0 0 
22
3 1 1 0 0 0 2 1 2 1 0 0 0 3 3 0 2 2 1 0 0 0 
41
3 6 0 4 1 1 4 6 6 1 3 0 4 0 2 0 0 0 0 0 0 0 0 0 0 0 0 0 0 0 0 0 0 0 0 0 0 0 0 0 0 
41
4 3 4 6 1 2 3 4 6 1 0 1 5 1 0 0 0 0 0 0 0 0 0 0 0 0 0 0 0 0 0 0 0 0 0 0 0 0 0 0 0 
1
1 
2
0 2 
36
5 2 0 5 5 4 5 5 4 1 0 0 0 0 0 0 0 0 0 0 0 0 0 0 0 0 0 0 0 0 0 0 0 0 0 0 
25
1 1 2 0 4 2 1 3 1 3 3 0 0 1 2 0 1 0 0 0 0 0 0 0 0 
27
1 1 3 1 1 2 3 0 1 1 2 0 4 1 2 0 0 0 2 1 1 0 0 0 0 0 0 
12
1 1 1 0 0 0 1 1 1 0 1 5 
42
0 3 3 6 0 3 0 1 0 6 5 0 5 2 2 6 0 0 0 0 0 0 0 0 0 0 0 0 0 0 0 0 0 0 0 0 0 0 0 0 0 0 
14
0 1 2 0 0 0 1 0 0 1 1 0 0 8 
35
0 4 4 3 3 2 1 1 1 4 0 0 2 3 4 2 1 0 0 0 0 0 0 0 0 0 0 0 0 0 0 0 0 0 0 
5
0 0 0 0 5 
42
2 6 3 3 0 4 0 2 4 1 4 6 4 2 1 0 0 0 0 0 0 0 0 0 0 0 0 0 0 0 0 0 0 0 0 0 0 0 0 0 0 0 
27
2 1 0 0 0 2 3 1 3 2 2 2 3 2 0 1 0 3 0 0 0 0 0 0 0 0 0 
13
0 1 1 2 0 0 1 0 2 0 0 0 6 
25
1 2 0 3 0 1 1 3 0 0 2 1 1 1 0 1 1 2 3 1 1 0 0 0 0 
2
0 2 
16
1 0 1 0 1 2 0 1 0 2 0 1 0 0 0 7 
24
3 3 1 3 3 3 2 2 1 1 2 0 0 0 0 0 0 0 0 0 0 0 0 0 
31
2 5 0 3 1 0 0 4 1 2 1 2 0 2 4 3 1 0 0 0 0 0 0 0 0 0 0 0 0 0 0 
26
4 0 3 1 4 2 0 4 2 2 1 0 1 2 0 0 0 0 0 0 0 0 0 0 0 0 
18
1 2 1 2 0 2 1 0 1 1 0 2 2 2 1 0 0 0 
4
0 0 0 4 
15
0 1 1 1 0 2 1 1 1 1 0 2 0 1 3 
28
1 1 2 4 4 0 3 2 0 2 3 2 1 1 2 0 0 0 0 0 0 0 0 0 0 0 0 0 
3
0 0 3 
31
3 4 3 3 2 3 2 1 3 2 4 1 0 0 0 0 0 0 0 0 0 0 0 0 0 0 0 0 0 0 0 
27
1 1 3 0 1 0 2 3 3 4 1 4 0 0 0 4 0 0 0 0 0 0 0 0 0 0 0 
11
1 1 1 0 1 0 0 0 0 1 6 
40
6 3 3 4 5 4 4 2 3 5 1 0 0 0 0 0 0 0 0 0 0 0 0 0 0 0 0 0 0 0 0 0 0 0 0 0 0 0 0 0 
6
0 0 0 0 0 6 
32
0 2 3 2 2 1 3 4 3 4 3 1 1 1 1 1 0 0 0 0 0 0 0 0 0 0 0 0 0 0 0 0 
36
2 3 2 3 1 5 5 0 1 2 0 0 2 4 3 1 0 2 0 0 0 0 0 0 0 0 0 0 0 0 0 0 0 0 0 0 
16
2 2 0 0 2 1 0 0 2 1 1 1 1 2 0 1 
23
1 1 3 3 1 0 0 2 2 2 2 3 1 2 0 0 0 0 0 0 0 0 0 
21
2 2 2 3 1 2 1 1 1 1 2 2 1 0 0 0 0 0 0 0 0 
35
3 5 3 3 4 1 4 1 2 1 2 5 1 0 0 0 0 0 0 0 0 0 0 0 0 0 0 0 0 0 0 0 0 0 0 
43
0 4 3 5 3 4 5 3 4 5 1 6 0 0 0 0 0 0 0 0 0 0 0 0 0 0 0 0 0 0 0 0 0 0 0 0 0 0 0 0 0 0 0 
39
5 6 4 1 3 6 2 4 4 3 1 0 0 0 0 0 0 0 0 0 0 0 0 0 0 0 0 0 0 0 0 0 0 0 0 0 0 0 0 
40
6 4 5 4 6 2 3 3 4 3 0 0 0 0 0 0 0 0 0 0 0 0 0 0 0 0 0 0 0 0 0 0 0 0 0 0 0 0 0 0 
22
3 3 0 1 0 2 1 0 1 2 2 3 3 1 0 0 0 0 0 0 0 0 
28
4 1 2 3 1 3 4 3 4 0 3 0 0 0 0 0 0 0 0 0 0 0 0 0 0 0 0 0 
44
0 4 5 1 6 1 2 0 4 6 0 5 0 2 0 1 0 1 1 0 5 0 0 0 0 0 0 0 0 0 0 0 0 0 0 0 0 0 0 0 0 0 0 0 
14
1 1 1 0 2 0 0 1 2 0 2 1 0 3 
4
0 0 0 4 
28
0 1 4 0 1 3 3 4 3 2 2 2 3 0 0 0 0 0 0 0 0 0 0 0 0 0 0 0 
20
2 0 2 0 0 1 3 2 0 1 1 1 2 2 0 1 0 1 1 0 
8
1 0 0 0 0 0 1 6 
18
0 1 2 1 0 1 1 0 0 0 0 1 2 1 2 2 0 4 
37
0 0 4 4 5 5 5 1 3 3 5 2 0 0 0 0 0 0 0 0 0 0 0 0 0 0 0 0 0 0 0 0 0 0 0 0 0 
39
3 5 3 4 1 2 3 4 5 0 2 2 5 0 0 0 0 0 0 0 0 0 0 0 0 0 0 0 0 0 0 0 0 0 0 0 0 0 0 
26
2 0 2 0 1 0 2 4 1 2 1 3 2 2 2 1 1 0 0 0 0 0 0 0 0 0 
32
2 1 1 2 4 1 2 5 2 4 1 2 0 1 0 2 0 2 0 0 0 0 0 0 0 0 0 0 0 0 0 0 
27
1 1 2 2 1 3 2 1 3 3 3 3 1 1 0 0 0 0 0 0 0 0 0 0 0 0 0 
38
3 4 5 3 1 5 4 0 1 2 0 4 0 3 2 1 0 0 0 0 0 0 0 0 0 0 0 0 0 0 0 0 0 0 0 0 0 0 
39
3 0 1 4 1 6 6 3 1 4 1 3 2 0 0 2 2 0 0 0 0 0 0 0 0 0 0 0 0 0 0 0 0 0 0 0 0 0 0 
10
0 1 0 0 0 0 0 0 1 8 
3
0 0 3 
5
0 0 0 0 5 
12
1 1 1 1 0 0 0 1 0 0 1 6 
30
4 4 4 1 1 2 3 3 3 1 0 3 0 1 0 0 0 0 0 0 0 0 0 0 0 0 0 0 0 0 
3
0 0 3 
1
1 
28
4 3 3 2 0 3 0 1 1 0 0 1 3 0 2 0 2 2 1 0 0 0 0 0 0 0 0 0 
1
1 
20
2 0 2 1 1 1 0 0 2 1 0 0 3 0 0 0 1 2 3 1 
34
4 2 5 0 0 3 5 1 0 4 0 1 1 3 0 1 0 0 0 4 0 0 0 0 0 0 0 0 0 0 0 0 0 0 
36
1 3 4 1 0 4 0 1 1 5 4 2 3 0 4 2 1 0 0 0 0 0 0 0 0 0 0 0 0 0 0 0 0 0 0 0 
8
0 0 0 0 0 0 0 8 
37
3 4 0 5 2 0 5 3 1 1 3 4 2 0 0 4 0 0 0 0 0 0 0 0 0 0 0 0 0 0 0 0 0 0 0 0 0 
41
6 6 0 4 5 2 1 3 2 3 3 4 2 0 0 0 0 0 0 0 0 0 0 0 0 0 0 0 0 0 0 0 0 0 0 0 0 0 0 0 0 
14
0 0 1 1 0 0 0 0 1 1 0 1 2 7 
24
0 1 3 2 1 1 0 3 0 2 2 1 1 0 2 1 2 2 0 0 0 0 0 0 
22
0 2 0 3 1 2 2 3 1 3 0 1 2 2 0 0 0 0 0 0 0 0 
15
0 1 2 1 1 0 2 2 1 1 0 0 0 1 3 
42
0 0 2 2 6 5 1 0 3 4 3 1 2 1 3 4 5 0 0 0 0 0 0 0 0 0 0 0 0 0 0 0 0 0 0 0 0 0 0 0 0 0 
4
0 0 0 4 
18
2 2 0 2 1 1 1 1 0 2 2 2 2 0 0 0 0 0 
3
0 0 3 
11
1 0 0 0 1 0 0 1 0 0 8 
27
1 3 3 4 1 3 2 3 4 1 2 0 0 0 0 0 0 0 0 0 0 0 0 0 0 0 0 
45
1 3 2 7 6 3 6 0 4 0 6 4 0 1 2 0 0 0 0 0 0 0 0 0 0 0 0 0 0 0 0 0 0 0 0 0 0 0 0 0 0 0 0 0 0 
36
1 3 5 5 1 2 1 5 5 5 3 0 0 0 0 0 0 0 0 0 0 0 0 0 0 0 0 0 0 0 0 0 0 0 0 0 
5
0 0 0 0 5 
40
5 4 0 2 2 1 4 6 3 3 1 5 4 0 0 0 0 0 0 0 0 0 0 0 0 0 0 0 0 0 0 0 0 0 0 0 0 0 0 0 
38
0 6 1 1 1 0 6 4 4 2 0 4 5 4 0 0 0 0 0 0 0 0 0 0 0 0 0 0 0 0 0 0 0 0 0 0 0 0 
7
0 0 0 0 0 0 7 
37
5 4 2 5 1 5 1 4 3 2 5 0 0 0 0 0 0 0 0 0 0 0 0 0 0 0 0 0 0 0 0 0 0 0 0 0 0 
37
1 3 3 3 1 0 2 3 3 2 2 2 1 3 2 2 3 1 0 0 0 0 0 0 0 0 0 0 0 0 0 0 0 0 0 0 0 
7
0 0 0 1 0 0 6 
42
5 5 6 3 4 4 3 2 0 3 1 0 1 4 1 0 0 0 0 0 0 0 0 0 0 0 0 0 0 0 0 0 0 0 0 0 0 0 0 0 0 0 
35
2 3 4 1 1 2 1 3 3 2 5 5 3 0 0 0 0 0 0 0 0 0 0 0 0 0 0 0 0 0 0 0 0 0 0 
1
1 
22
2 2 1 2 3 2 3 0 3 1 2 0 1 0 0 0 0 0 0 0 0 0 
37
2 0 3 1 1 2 1 1 4 5 3 2 4 5 3 0 0 0 0 0 0 0 0 0 0 0 0 0 0 0 0 0 0 0 0 0 0 
37
2 0 6 4 0 0 3 5 2 1 4 4 5 1 0 0 0 0 0 0 0 0 0 0 0 0 0 0 0 0 0 0 0 0 0 0 0 
30
4 0 4 2 1 3 1 4 4 0 3 0 3 1 0 0 0 0 0 0 0 0 0 0 0 0 0 0 0 0 
2
0 2 
11
0 1 1 0 0 1 0 1 0 1 6 
39
3 1 1 0 1 2 4 1 3 1 0 4 5 1 5 6 1 0 0 0 0 0 0 0 0 0 0 0 0 0 0 0 0 0 0 0 0 0 0 
32
2 2 5 2 4 3 0 4 4 2 4 0 0 0 0 0 0 0 0 0 0 0 0 0 0 0 0 0 0 0 0 0 
36
2 5 1 4 0 0 2 5 5 1 1 5 0 3 1 1 0 0 0 0 0 0 0 0 0 0 0 0 0 0 0 0 0 0 0 0 
26
1 0 3 3 4 4 3 0 0 0 2 0 2 1 2 1 0 0 0 0 0 0 0 0 0 0 
21
2 1 0 2 0 0 0 0 2 0 3 1 1 0 0 1 1 0 1 1 5 
22
2 0 2 0 2 2 1 1 2 1 2 1 3 2 1 0 0 0 0 0 0 0 
35
3 2 3 3 2 4 2 4 5 3 0 1 2 1 0 0 0 0 0 0 0 0 0 0 0 0 0 0 0 0 0 0 0 0 0 
23
0 3 0 2 0 0 2 1 1 3 0 3 2 3 2 0 0 1 0 0 0 0 0 
27
1 1 2 3 0 0 2 0 3 3 1 3 0 0 3 1 3 1 0 0 0 0 0 0 0 0 0 
10
0 0 1 1 0 1 0 1 0 6 
35
1 2 3 3 2 0 3 1 2 5 1 0 2 5 3 2 0 0 0 0 0 0 0 0 0 0 0 0 0 0 0 0 0 0 0 
37
1 2 2 0 0 4 3 2 5 3 5 1 4 5 0 0 0 0 0 0 0 0 0 0 0 0 0 0 0 0 0 0 0 0 0 0 0 
30
3 0 0 3 0 2 2 2 0 0 0 4 3 4 4 3 0 0 0 0 0 0 0 0 0 0 0 0 0 0 
42
1 4 1 3 3 4 5 3 6 6 3 3 0 0 0 0 0 0 0 0 0 0 0 0 0 0 0 0 0 0 0 0 0 0 0 0 0 0 0 0 0 0 
24
0 3 0 2 1 1 1 3 1 0 1 3 1 2 1 1 2 1 0 0 0 0 0 0 
40
0 4 6 2 4 1 6 1 3 0 5 4 3 1 0 0 0 0 0 0 0 0 0 0 0 0 0 0 0 0 0 0 0 0 0 0 0 0 0 0 
11
0 1 1 0 0 1 0 0 0 0 8 
35
4 4 5 5 2 0 2 2 0 4 5 1 1 0 0 0 0 0 0 0 0 0 0 0 0 0 0 0 0 0 0 0 0 0 0 
31
1 5 2 0 1 1 1 0 4 1 3 1 4 4 3 0 0 0 0 0 0 0 0 0 0 0 0 0 0 0 0 
13
0 0 0 1 0 0 1 1 0 1 2 0 7 
33
4 3 5 2 0 5 3 0 4 0 0 4 3 0 0 0 0 0 0 0 0 0 0 0 0 0 0 0 0 0 0 0 0 
40
5 4 5 4 2 3 1 3 2 5 1 5 0 0 0 0 0 0 0 0 0 0 0 0 0 0 0 0 0 0 0 0 0 0 0 0 0 0 0 0 
5
0 0 0 0 5 
34
1 3 4 2 2 1 4 5 4 3 0 3 0 0 2 0 0 0 0 0 0 0 0 0 0 0 0 0 0 0 0 0 0 0 
30
3 2 4 2 1 0 1 3 0 2 1 4 2 2 3 0 0 0 0 0 0 0 0 0 0 0 0 0 0 0 
36
4 0 3 2 0 3 4 0 4 3 5 5 2 1 0 0 0 0 0 0 0 0 0 0 0 0 0 0 0 0 0 0 0 0 0 0 
40
2 3 1 2 3 2 0 1 6 5 0 2 3 1 4 5 0 0 0 0 0 0 0 0 0 0 0 0 0 0 0 0 0 0 0 0 0 0 0 0 
5
0 0 0 0 5 
40
2 2 1 3 2 2 2 1 3 1 5 3 4 0 6 3 0 0 0 0 0 0 0 0 0 0 0 0 0 0 0 0 0 0 0 0 0 0 0 0 
22
2 1 3 1 2 2 0 1 1 2 1 1 0 3 1 1 0 0 0 0 0 0 
3
0 0 3 
42
5 6 5 1 0 6 4 3 2 6 4 0 0 0 0 0 0 0 0 0 0 0 0 0 0 0 0 0 0 0 0 0 0 0 0 0 0 0 0 0 0 0 
22
1 2 2 2 1 0 3 2 1 0 3 1 3 0 1 0 0 0 0 0 0 0 
26
2 2 2 4 3 2 2 1 2 2 2 2 0 0 0 0 0 0 0 0 0 0 0 0 0 0 
38
6 2 3 2 1 4 3 6 3 0 2 0 5 1 0 0 0 0 0 0 0 0 0 0 0 0 0 0 0 0 0 0 0 0 0 0 0 0 
9
1 0 1 0 0 0 0 0 7 
27
0 2 1 3 3 0 3 1 4 1 1 3 0 1 1 0 3 0 0 0 0 0 0 0 0 0 0 
12
0 1 0 0 0 1 1 0 1 1 0 7 
26
3 3 0 0 3 0 2 1 0 2 1 0 2 0 2 1 0 1 1 1 1 0 1 0 1 0 
24
1 1 0 0 1 1 0 3 2 2 2 3 3 2 1 2 0 0 0 0 0 0 0 0 
1
1 
4
0 0 0 4 
24
0 0 1 0 0 2 1 2 1 1 2 2 2 1 2 0 3 2 2 0 0 0 0 0 
12
0 0 0 1 1 0 1 0 0 1 0 8 
18
1 2 0 2 1 2 0 2 2 2 1 0 0 1 2 0 0 0 
18
1 0 2 2 1 0 1 0 0 0 1 1 2 1 1 0 2 3